function [s1,s2] = vectores()
s1 = [1 1 1 1 1 1 1 1 1 1 1 1 1 1 1 1 1 1 1 1];
s2 = [1 1 1 1 1 1 1 1 1 1 -1 -1 -1 -1 -1 -1 -1 -1 -1 -1];
end

